[(8, 49.03, 8.97), (39, 49.03, 8.97), (21, 49.33, 2.27), (31, 49.33, 2.27), (31, 49.33, 2.27), (27, 49.79, 1.07), (27, 49.86, 1.23), (21, 49.96, 0.37), (0.011, None, None)]
[(30, 52.79, 0.33)]

[(40, 58.03, 0.97), (8, 58.03, 0.97), (0.023, 0, 0)]
[(0, 58.03, 0.97)]

[(12, 59.03, 1.97), (38, 62.03, 14.940000000000001), (21, 60.16, 0.6), (0.034, 0, 0), (12, 62.03, 12.97), (21, 63.83, 1.33), (27, 63.83, 5.13), (27, 63.83, 5.13), (21, 65.13, 2.3), (31, 66.66, 1.87), (31, 66.66, 1.87), (0.057, 0, 0)]
[(0, 59.03, 1.97), (26, 71.26, 0.33), (26, 71.26, 0.33)]

[(12, 76.03, 13.96), (38, 76.03, 13.96), (21, 79.53, 1.17), (31, 79.53, 1.17), (31, 79.53, 1.17), (0.08, 0, 0)]
[(0, 76.03, 13.96)]

[(39, 90.03, 2.97), (0.091, 0, 0)]
[(16, 90.79, 3.4), (16, 90.96, 0.63), (30, 91.06, 2.6), (30, 91.06, 2.6), (26, 91.66, 1.33)]

[(41, 93.02, 5.3), (12, 93.02, 3.97), (31, 94.62, 0.67), (31, 94.62, 0.67), (27, 94.69, 5.3), (21, 94.69, 0.6), (21, 94.69, 0.5), (0.102, 0, 0)]
[(26, 93.29, 0.37)]

[(5, 97.02, 10.93), (8, 97.02, 10.93), (39, 97.02, 10.93), (27, 98.86, 3.13), (21, 99.82, 1.3), (21, 100.22, 3.23), (31, 100.22, 3.23), (31, 101.19, 4.33), (27, 101.66, 5.3), (0.114, 0, 0)]
[(0, 97.02, 10.93)]

[(40, 108.02, 1.97), (5, 108.02, 1.97), (8, 108.02, 1.97), (27, 109.86, 0.97), (27, 109.86, 0.97), (0.125, 0, 0)]
[(0, 108.02, 1.97)]

[(12, 110.02, 5.97), (38, 110.02, 5.97), (21, 110.19, 0.6), (21, 110.19, 0.53), (27, 111.36, 0.97), (27, 111.36, 0.97), (31, 114.22, 0.33), (31, 114.22, 0.33), (0.136, 0, 0)]
[(0, 110.02, 5.97)]

[(39, 116.02, 2.93), (0.148, 0, 0)]
[(16, 116.59, 0.77)]

[(12, 119.02, 0.97), (38, 119.02, 0.97), (0.159, 1, 0)]
[(0, 119.02, 0.97)]

[(39, 120.02, 1.97), (0.17, 1, 0)]
[(16, 120.12, 2.33), (26, 120.22, 0.6), (30, 120.25, 0.57), (30, 120.25, 0.57), (26, 120.49, 0.33)]

[(13, 122.06, 0.93), (38, 122.06, 0.93), (0.182, 1, 0)]
[(0, 122.06, 0.93)]

[(41, 123.02, 1.97), (13, 123.02, 1.97), (31, 123.75, 0.53), (21, 123.82, 0.33), (0.193, 1, 0)]
[(0, 123.02, 1.97)]

[(8, 125.02, 2.97), (39, 125.02, 2.97), (21, 126.59, 0.6), (31, 126.65, 0.43), (0.205, 1, 0)]
[(0, 125.02, 2.97)]

[(40, 128.02, 1.97), (8, 128.02, 1.97), (0.216, 1, 1)]
[(0, 128.02, 1.97)]

[(13, 130.02, 13.96), (38, 130.02, 13.96), (27, 131.19, 1.07), (21, 131.29, 0.87), (31, 131.29, 0.87), (31, 131.29, 0.87), (21, 140.79, 0.77), (0.227, 1, 1)]
[(0, 130.02, 13.96)]

[(8, 144.02, 2.97), (39, 144.02, 2.97), (31, 146.49, 0.87), (31, 146.49, 0.9), (0.239, 1, 0)]
[(0, 144.02, 2.97)]

[(41, 147.02, 0.97), (12, 147.02, 0.97), (21, 147.65, 0.9), (31, 147.65, 0.9), (31, 147.69, 0.87), (27, 147.72, 0.5), (0.25, 1, 0)]
[(0, 147.02, 0.97)]

[(8, 148.02, 6.97), (39, 148.02, 6.97), (21, 148.92, 0.9), (31, 148.92, 0.9), (31, 148.92, 0.87), (21, 149.05, 0.6), (27, 151.12, 0.5), (27, 151.49, 1.8), (0.261, 1, 0)]
[(0, 148.02, 6.97)]

[(12, 155.02, 2.97), (38, 159.02, 8.94), (31, 155.09, 0.33), (31, 155.09, 0.33), (27, 157.09, 3.37), (0.273, 1, 0), (12, 159.02, 5.97), (31, 159.82, 1.8), (31, 159.82, 1.8), (21, 159.92, 1.4), (27, 160.72, 2.43), (27, 161.75, 3.5), (0.295, 1, 0)]
[(0, 155.02, 3.37), (0, 159.02, 5.97)]

[(12, 166.02, 6.97), (38, 166.02, 6.97), (21, 166.78, 0.8), (21, 167.28, 3.33), (31, 167.38, 0.67), (31, 167.38, 0.67), (27, 168.12, 1.77), (27, 168.42, 2.5), (0.318, 1, 0)]
[(0, 166.02, 6.97)]

[(8, 173.05, 3.93), (39, 173.05, 3.93), (21, 173.95, 1.4), (21, 174.28, 3.4), (31, 174.45, 1.23), (31, 174.78, 1.43), (0.33, 1, 0)]
[(0, 173.05, 3.97)]

[(40, 177.02, 0.97), (8, 177.02, 0.97), (31, 177.12, 0.67), (31, 177.72, 0.87), (0.341, 1, 1)]
[(0, 177.02, 0.97)]

[(13, 178.02, 4.97), (38, 178.02, 4.97), (21, 178.22, 0.37), (31, 179.12, 0.87), (0.352, 1, 0)]
[(0, 178.02, 4.97)]

[(39, 183.02, 6.97), (27, 183.85, 0.8), (27, 183.85, 0.8), (21, 183.85, 0.83), (31, 183.85, 0.83), (21, 183.98, 0.53), (21, 185.71, 0.9), (0.364, 1, 0)]
[(0, 183.02, 6.97)]

[(13, 190.01, 0.93), (38, 190.01, 0.93), (0.375, 1, 0)]
[(0, 190.01, 0.93)]

[(41, 191.01, 0.93), (13, 191.01, 0.93), (0.386, 1, 0)]
[(0, 191.01, 0.93)]

[(8, 192.01, 5.97), (39, 192.01, 5.97), (27, 193.15, 0.93), (21, 195.55, 0.7), (0.398, 1, 0)]
[(30, 192.55, 0.4), (16, 194.78, 0.6)]

[(12, 198.01, 1.97), (38, 198.01, 1.97), (0.409, 1, 0)]
[(0, 198.01, 1.97)]

[(8, 200.01, 3.97), (39, 200.01, 3.97), (21, 201.71, 0.5), (27, 202.25, 0.4), (21, 202.25, 0.4), (27, 203.85, 0.83), (0.42, 1, 0)]
[(16, 200.71, 0.9), (30, 200.71, 0.9), (30, 200.71, 0.9), (26, 200.81, 0.6)]

[(41, 204.05, 0.93), (12, 204.05, 0.93), (0.432, 0, 0)]
[(0, 204.05, 0.93)]

[(3, 205.05, 9.93), (39, 205.05, 9.93), (27, 205.25, 3.17), (27, 205.25, 3.17), (21, 205.28, 1.53), (31, 205.28, 1.53), (31, 205.28, 1.53), (0.443, 0, 0)]
[(26, 210.55, 0.8), (16, 210.65, 0.67), (26, 210.91, 0.43)]

[(12, 215.05, 0.93), (38, 215.05, 0.93), (0.455, 0, 0)]
[(0, 215.05, 0.93)]

[(41, 216.05, 0.93), (12, 216.05, 0.93), (0.466, 0, 0)]
[(16, 216.78, 0.33)]

[(39, 217.01, 0.97), (0.477, 1, 0)]
[(26, 217.78, 0.9)]

[(40, 218.01, 7.27), (27, 218.98, 7.27), (27, 218.98, 7.27), (0.489, 0, 0)]
[(0, 218.01, 7.27)]

[(12, 219.01, 3.93), (38, 219.01, 3.93), (0.5, 0, 0)]
[(0, 219.01, 3.93)]

[(39, 223.01, 0.97), (0.511, 0, 0)]
[(0, 223.01, 2.53)]

[(12, 224.01, 0.97), (38, 224.01, 0.97), (21, 224.18, 1.97), (31, 224.18, 1.97), (31, 224.18, 1.97), (21, 224.38, 0.7), (21, 224.38, 0.77), (0.523, 0, 0)]
[(0, 224.01, 1.97)]

[(41, 225.04, 2.53), (12, 225.04, 0.93), (21, 225.65, 0.77), (0.534, 0, 0)]
[(0, 225.04, 2.53)]

[(39, 226.04, 1.93), (0.545, 0, 1)]
[(16, 227.45, 0.43)]

[(12, 228.01, 0.97), (38, 228.01, 0.97), (0.557, 1, 1)]
[(0, 228.01, 0.97)]

[(8, 229.01, 5.97), (39, 229.01, 5.97), (21, 233.51, 0.4), (31, 233.51, 2.87), (31, 233.51, 2.27), (0.568, 1, 1)]
[(0, 229.01, 5.97)]

[(12, 235.04, 1.93), (38, 235.04, 1.93), (27, 235.64, 0.6), (27, 235.64, 1.0), (21, 235.64, 0.53), (31, 235.94, 2.27), (31, 236.74, 2.87), (0.58, 1, 0)]
[(0, 235.04, 2.87)]

[(39, 239.01, 1.9), (21, 237.38, 0.4), (31, 237.38, 0.4), (31, 237.38, 0.4), (0.591, 1, 0), (8, 239.01, 0.97), (21, 239.11, 0.97), (21, 239.41, 0.37), (0.614, 1, 0)]
[(0, 237.04, 0.93), (0, 239.01, 0.97)]

[(40, 240.01, 2.3), (8, 240.01, 1.93), (31, 241.31, 1.9), (31, 241.31, 2.3), (21, 241.31, 0.33), (0.625, 1, 1)]
[(0, 240.01, 2.3)]

[(13, 242.01, 3.97), (38, 247.04, 8.870000000000001), (31, 242.44, 0.87), (21, 242.51, 0.7), (31, 242.51, 0.7), (0.636, 1, 0), (13, 247.04, 4.9), (21, 248.11, 0.97), (31, 248.11, 0.97), (31, 248.11, 1.37), (21, 249.71, 1.2), (0.659, 1, 0)]
[(16, 244.24, 0.5), (0, 247.04, 4.9)]

[(41, 252.01, 1.97), (13, 252.01, 0.93), (27, 252.54, 1.97), (27, 252.54, 1.97), (0.67, 1, 0)]
[(0, 252.01, 1.97)]

[(40, 253.01, 0.93), (0.682, 1, 0)]
[(0, 253.01, 0.93)]

[(11, 254.01, 4.97), (38, 254.01, 4.97), (21, 254.14, 1.1), (27, 254.71, 1.97), (27, 254.71, 1.97), (31, 255.54, 1.33), (31, 255.54, 1.27), (0.693, 1, 0)]
[(0, 254.01, 4.97)]

[(41, 259.01, 0.97), (11, 259.01, 0.97), (0.705, 1, 0)]
[(0, 259.01, 0.97)]

[(8, 260.01, 5.97), (39, 260.01, 5.97), (0.716, 1, 0)]
[(16, 260.98, 1.07), (16, 264.61, 0.57)]

[(40, 266.04, 1.93), (8, 266.04, 1.93), (0.727, 1, 0)]
[(16, 266.54, 0.4)]

[(11, 268.04, 6.9), (38, 268.04, 6.9), (27, 269.07, 0.83), (21, 269.07, 0.93), (31, 269.07, 0.93), (31, 269.07, 0.93), (27, 271.37, 0.4), (0.739, 1, 0)]
[(26, 274.91, 0.57), (26, 274.91, 0.57)]

[(8, 275.01, 0.97), (39, 275.01, 0.97), (0.75, 0, 0)]
[(16, 275.11, 0.33)]

[(40, 276.04, 1.93), (8, 276.04, 1.93), (31, 276.24, 0.5), (0.761, 1, 0)]
[(0, 276.04, 1.93)]

[(11, 278.04, 2.93), (38, 282.01, 8.9), (31, 278.87, 1.0), (21, 280.41, 0.47), (0.773, 1, 0), (11, 282.01, 5.97), (0.795, 1, 0)]
[(0, 278.04, 2.93), (0, 282.01, 5.97)]

[(41, 288.04, 0.93), (11, 288.04, 0.93), (0.807, 1, 0)]
[(0, 288.04, 0.93)]

[(39, 289.04, 6.9), (0.818, 1, 0)]
[(16, 292.47, 0.33)]

[(40, 296.0, 1.43), (0.83, 1, 0)]
[(0, 296.0, 1.43)]

[(41, 297.04, 0.93), (11, 297.04, 0.93), (0.841, 1, 0)]
[(16, 297.17, 0.67)]

[(39, 298.04, 0.93), (0.852, 1, 0)]
[(0, 298.04, 1.7)]

[(12, 299.04, 0.93), (38, 299.04, 0.93), (0.864, 1, 0)]
[(0, 299.04, 0.93)]

[(8, 300.0, 3.93), (39, 305.0, 7.9), (21, 302.67, 1.63), (31, 302.77, 0.87), (0.875, 1, 0), (8, 305.0, 3.97), (31, 306.04, 0.6), (21, 306.1, 0.57), (0.898, 0, 1)]
[(16, 300.37, 0.7), (26, 300.6, 0.47), (26, 300.6, 0.5), (0, 305.0, 3.97)]

[(41, 309.04, 0.93), (12, 309.04, 0.93), (0.909, 0, 0)]
[(0, 309.04, 0.93)]

[(12, 310.07, 7.9), (38, 310.07, 7.9), (21, 314.84, 0.77), (31, 314.84, 0.9), (31, 315.2, 0.4), (0.92, 0, 0)]
[(0, 310.07, 7.9)]

[(6, 318.04, 13.93), (8, 318.04, 13.93), (39, 318.04, 13.93), (27, 322.97, 0.37), (0.932, 0, 0)]
[(16, 318.07, 0.6), (16, 322.17, 0.33)]

[(40, 332.0, 0.97), (8, 332.0, 0.97), (0.943, 1, 0)]
[(16, 332.5, 0.5)]

[(41, 333.0, 0.9), (12, 333.0, 0.9), (0.955, 1, 0)]
[(0, 333.0, 0.9)]

[(12, 334.0, 0.93), (38, 334.0, 0.93), (21, 334.4, 0.5), (31, 334.4, 0.4), (27, 334.43, 0.37), (27, 334.43, 0.4), (0.966, 1, 0)]
[(0, 334.0, 0.93)]

[(41, 335.0, 1.2), (12, 335.0, 0.93), (31, 335.03, 1.2), (21, 335.1, 1.0), (21, 335.3, 0.9), (27, 335.53, 0.8), (27, 335.53, 0.8), (0.977, 1, 0)]
[(26, 335.9, 0.63), (26, 335.9, 0.73)]

[(5, 336.0, 6.0), (39, 336.0, 6.0), (31, 336.6, 1.2), (27, 336.63, 0.8), (27, 336.63, 0.8), (21, 337.83, 0.9), (21, 339.33, 1.0), (0.989, 0, 0)]
[(16, 336.13, 0.47), (26, 337.23, 0.63), (26, 337.23, 0.73)]

[(40, 342.07, 0.23), (1.0, 0, 0)]
[(0, 342.07, 0.23)]

